   0.00000000       0.00000000    
  0.500000000      0.790439069    
   1.00000000       2.28735518    
   1.50000000       4.47046232    
   2.00000000       6.71884966    
   2.50000000       7.29088306    
   3.00000000       2.83447099    
   3.50000000      -11.6163454    
   4.00000000      -41.3200150    
   4.50000000      -87.9944534    
   5.00000000      -142.316986    
   5.50000000      -172.640015    
   6.00000000      -112.724258    
   6.50000000       143.085266    
   7.00000000       720.473328    
   7.50000000       1695.94373    
   8.00000000       2949.23535    
   8.50000000       3924.37988    
   9.00000000       3339.43066    
   9.50000000      -1003.99847    
   10.0000000      -11982.8623    
   10.5000000      -31946.5957    
   11.0000000      -59873.5547    
   11.5000000      -86420.9375    
   12.0000000      -87329.8203    
   12.5000000      -17796.6367    
   13.0000000       185887.531    
   13.5000000       586293.500    
   14.0000000       1191308.62    
   14.5000000       1853671.75    
   15.0000000       2125802.25    
   15.5000000       1112797.50    
   16.0000000      -2558340.75    
   16.5000000      -10428167.0    
   17.0000000      -23222510.0    
   17.5000000      -38854096.0    
   18.0000000      -49309796.0    
   18.5000000      -37075236.0    
   19.0000000       26750428.0    
   19.5000000       178190736.    
   20.0000000       442929248.    
